13	30	2	-9	4	-2	235.53
13	55	2	-4	-2	-4	330.16
13	57	2	0	-2	-1	355.29
13	57	2	6	1	9	190.74
13	44	2	8	-5	-6	567.06
13	36	2	9	-3	2	708.96
13	31	3	-9	-4	4	599.25
13	46	3	-9	-5	7	237.78
13	34	3	-5	4	7	92.3
13	36	3	0	-2	-5	397.28
13	58	3	2	-1	1	594.4
13	51	3	5	-5	-6	546.3
13	52	3	6	-1	9	227.72
13	33	4	-3	-3	2	627.54
13	43	4	-3	-2	-5	402.82
13	30	4	-2	3	6	193.52
13	50	4	1	-5	0	458.01
13	33	4	1	-2	7	158.17
13	53	4	7	-2	6	325.82
13	39	5	-10	4	-1	305.7
13	33	5	-8	4	-2	208.82
13	32	5	-2	2	5	345.41
13	31	5	0	-4	-6	476.56
13	56	5	1	0	-6	489.42
13	41	5	8	-3	4	619.61
13	32	5	8	-4	-1	394.58
13	59	6	-9	-5	-2	337.29
13	52	6	-1	-2	-5	408.6
13	59	6	2	3	-10	216.93
13	31	6	7	-4	-4	340.21
13	34	6	9	-1	-10	376.94
13	38	6	9	-1	7	255.63
13	33	7	-9	4	-9	366.7
13	50	7	-9	-1	-1	380.9
13	51	7	-7	2	1	544.01
13	59	7	-7	-4	-9	472.42
13	52	7	1	2	9	136.47
13	31	7	1	-2	-6	478.29
13	33	7	2	3	-8	456.19
13	55	7	3	0	-8	531.19
13	50	7	3	2	-8	484.56
13	37	7	7	-1	-2	334.08
13	57	7	8	4	5	385.62
14	32	2	-9	-3	9	388.69
14	56	2	-8	1	8	294.39
14	55	2	1	2	3	706.49
14	45	2	4	-5	-5	547.46
14	45	2	5	-2	4	710.32
14	43	2	6	-1	-3	408.51
14	38	2	6	-1	-10	436.45
14	34	2	8	-3	4	729.09
14	38	2	9	-2	-5	604.17
14	50	3	-10	4	1	687.26
14	39	3	-7	-4	0	615.41
14	35	3	-7	-1	-4	469.57
14	32	3	6	2	9	311.39
14	39	4	-4	0	0	593.09
14	37	4	-4	-2	-10	422.56
14	42	4	7	-5	9	388.65
14	53	4	9	0	-5	622.54
14	42	5	-3	-4	4	664.24
14	39	5	-3	1	2	754.92
14	35	5	0	1	-4	399.8
14	52	5	7	-2	6	464.94
14	56	6	-9	-1	-2	452.81
14	51	6	-9	-2	-3	435.16
14	44	6	-8	1	8	272.72
14	30	6	-7	3	-7	634.25
14	51	6	-2	-2	-5	541.98
14	59	6	-2	-1	-3	384.3
14	39	6	2	1	9	289.96
14	34	6	3	0	-3	379.62
14	49	6	6	4	-2	340.1
14	37	6	8	-2	9	403.34
14	53	6	9	-4	-2	524.9
14	48	7	-9	-4	5	576.02
14	52	7	1	1	-1	450.41
14	44	7	3	4	-2	306.81
14	55	7	5	-2	7	359.76
14	37	7	5	-5	3	788.86
15	47	2	-6	4	3	800.08
15	55	2	-5	3	8	338.4
15	33	2	-3	2	1	788.06
15	56	2	-2	4	-7	704.95
15	34	2	0	2	-3	461.83
15	46	2	0	0	-7	784.24
15	58	2	5	2	-6	715.53
15	40	2	6	4	-1	532.09
15	48	2	7	-2	9	505.77
15	56	2	7	3	5	638.52
15	53	2	8	-2	4	867.79
15	54	2	9	4	2	871.33
15	44	3	-2	4	-5	561.7
15	43	3	9	-4	-9	773.53
15	51	4	-9	-2	-4	636.28
15	41	4	-2	1	-8	734.86
15	53	4	2	1	5	633.46
15	49	4	9	-1	0	820.4
15	42	5	-9	2	-5	665.21
15	43	5	-4	-1	7	417.23
15	51	5	-1	2	8	339.47
15	56	5	1	4	-2	401.75
15	33	5	8	0	8	448.86
15	37	6	-9	0	8	416.28
15	36	6	-6	1	-5	636.11
15	33	6	-3	-3	6	500.1
15	31	6	-1	-1	-2	493.12
15	46	6	5	-1	-7	830.85
15	51	6	7	1	-3	552.13
15	52	7	-10	1	-8	793.03
15	44	7	-7	-1	2	915.26
15	55	7	-6	-3	8	428.26
15	30	7	-2	-3	3	858.45
15	59	7	1	2	1	796.78
15	40	7	5	-3	1	874.56
15	47	7	6	-1	-2	581.42
15	47	7	6	1	1	869.36
15	34	7	7	3	5	665
15	37	7	8	4	2	896.59
16	44	2	-9	4	-7	898.14
16	47	2	-8	4	-7	874.89
16	31	2	-4	4	0	736.43
16	45	2	-3	-5	-2	618.22
16	41	2	-1	-3	1	929.69
16	33	2	1	1	6	590.52
16	49	2	9	2	-2	654.88
16	57	2	9	2	-2	664.49
16	48	3	-9	-5	-6	947.18
16	44	3	-6	-3	4	932.09
16	43	3	-4	1	5	747.77
16	31	3	-4	-2	6	616.56
16	35	3	-3	2	1	902.62
16	31	3	-1	0	-5	736.3
16	58	3	0	3	-7	826.22
16	53	3	4	-2	1	970.06
16	50	3	7	1	5	801.15
16	47	4	-5	-5	-2	635.26
16	30	4	-5	4	-2	534.89
16	58	4	-2	0	-1	709.05
16	55	4	1	-1	4	914.19
16	58	4	2	0	-8	876.76
16	51	4	6	-4	6	687.65
16	58	4	8	3	-4	671.91
16	35	4	9	0	-9	853.15
16	47	5	5	-1	-3	649.38
16	53	5	6	2	-7	906.36
16	41	5	8	-1	7	594.5
16	34	6	-8	-1	-5	788.89
16	39	6	-5	-3	-4	668.45
16	54	6	-5	1	5	734.24
16	41	6	-1	-4	5	758.13
16	42	6	0	-3	-8	892.85
16	34	6	1	4	-1	594.99
16	30	6	1	-3	-2	616.12
16	36	6	7	3	9	545.85
16	30	7	-10	-4	-2	645.12
16	57	7	-7	0	-1	713.13
16	58	7	1	-1	5	784.5
17	34	2	-8	1	3	1094.89
17	37	2	-6	4	-7	925.48
17	40	2	-4	-2	-5	855.82
17	47	2	-3	-2	-3	708.17
17	57	2	-2	-5	8	628.09
17	30	2	-2	-3	-3	668.23
17	59	2	3	-2	-2	734.09
17	37	2	7	4	-3	630.48
17	35	2	7	4	7	565.3
17	30	2	9	4	7	603.67
17	53	2	9	-1	9	713.79
17	37	3	-4	0	9	610.17
17	59	3	-3	-5	8	627.5
17	34	3	-3	-2	7	607.26
17	59	3	1	1	-9	841.61
17	43	3	2	0	3	1060.02
17	31	3	5	-2	-6	951.99
17	44	3	6	4	4	924.98
17	39	4	-9	-3	-1	849.96
17	40	5	-8	-2	6	738
17	34	5	-7	0	7	617.3
17	42	5	-3	-3	2	1098.74
17	49	5	1	3	-5	768.71
17	39	6	-8	1	-4	753.46
17	44	6	0	3	1	936.38
17	38	6	2	3	-9	818.91
17	40	6	3	3	-3	644.53
17	31	7	-9	0	1	1034.87
17	48	7	1	4	-8	869.76
17	59	7	1	2	0	872.36
17	32	7	6	-3	-6	992.17
17	49	7	8	4	-5	840.15
17	48	7	8	-2	8	692.5
18	45	2	-10	4	7	658.6
18	39	2	-8	-3	-6	1046.18
18	48	2	-6	4	-1	763.6
18	47	2	2	-2	-5	909.55
18	40	2	4	4	8	556.33
18	30	2	5	-3	-9	928.24
18	49	3	-7	-5	-9	988.39
18	59	3	-5	4	-1	745.98
18	48	3	-1	-4	5	902.55
18	54	3	2	4	3	1021.82
18	57	3	6	-2	-4	868.21
18	32	4	-6	-5	3	1112.53
18	50	4	-5	-2	1	1104.14
18	34	4	-1	-1	-4	775.93
18	52	4	0	1	3	1099.03
18	43	4	2	1	-9	887.8
18	42	4	4	2	-1	807.2
18	41	4	6	-2	-2	804.18
18	54	5	-9	-4	0	1031.97
18	34	5	-7	3	-2	707.71
18	38	5	-6	-1	-6	998.87
18	34	5	-5	-3	-1	836.28
18	35	5	-1	2	-8	959.49
18	54	5	1	2	-8	977.04
18	56	5	2	-1	-6	1011.1
18	38	5	6	-4	0	998.73
18	47	5	7	-2	6	825.48
18	50	5	8	-2	-6	1082.52
18	36	5	8	0	3	1189.84
18	49	5	8	-2	4	1127.9
18	40	5	9	4	7	664.16
18	44	6	-9	-1	-10	814.32
18	47	6	-7	2	-2	733.5
18	52	6	-6	-4	-7	1074.36
18	50	6	-5	-2	-8	1031.34
18	57	6	3	-1	-10	807.71
18	37	6	4	0	9	688.18
18	45	6	5	-5	5	944.3
18	36	6	9	1	2	1211.75
18	42	7	-4	-5	9	680.61
18	30	7	-1	-2	0	945.73
18	42	7	2	2	6	717
18	50	7	5	3	4	997.02
18	50	7	7	-3	6	848.51
18	42	7	9	2	-4	871.76
19	49	2	-9	2	3	1166.36
19	50	2	-2	4	0	865.41
19	48	2	-1	-2	0	987.08
19	53	2	1	-1	-7	1054.05
19	33	2	8	0	-4	857.8
19	54	3	-9	-3	-2	871.33
19	34	3	-9	0	-2	824.18
19	45	3	-8	-2	2	1212.05
19	48	3	-5	-4	7	707.33
19	34	3	-4	2	3	1094
19	47	3	-3	4	6	670.35
19	43	3	-3	-3	0	988.3
19	31	3	-1	-3	-1	835.27
19	57	3	2	3	-9	863.34
19	56	3	5	-2	-7	1102.05
19	51	3	6	-2	1	1155.23
19	31	3	7	0	3	1174.87
19	46	5	-10	1	-5	960.18
19	46	5	-9	-2	-4	874.12
19	36	5	-9	-3	-4	856.94
19	51	5	-7	-1	-1	905.99
19	43	5	-5	4	-7	975.22
19	44	5	-2	4	-8	929.72
19	33	5	5	2	-2	762.32
19	45	5	9	-2	-8	1135.67
19	37	6	-10	-3	8	703.19
19	50	6	-5	3	0	906.63
19	49	6	1	4	-5	810.03
19	34	6	5	3	4	1019.69
19	31	7	-5	-2	-6	991.52
19	40	7	-1	-3	7	668.86
19	35	7	0	-5	-9	927.08
19	48	7	1	-3	7	693.58
19	50	7	2	3	-5	848.88
19	43	7	2	-1	-9	937.33
19	58	7	2	4	3	1043.16
19	32	7	3	4	8	573.76
19	51	7	7	2	4	1084.55
20	41	2	-8	0	3	1162.49
20	51	2	-5	0	3	1134.79
20	33	2	-5	-1	-6	982.69
20	59	2	0	-4	-4	830.06
20	57	2	5	-2	8	679.97
20	51	2	7	-5	-6	1062.37
20	47	2	7	3	4	1013.48
20	35	2	9	-5	-2	808.94
20	53	3	-6	-3	-3	787.86
20	49	3	-2	0	-2	744.39
20	36	3	1	-1	-1	826.92
20	46	3	3	1	4	1016.19
20	48	3	6	-4	9	728.02
20	35	3	8	-3	-4	848.24
20	57	3	9	1	-4	867.2
20	50	4	-10	0	-7	1103.99
20	51	4	-10	4	7	636.5
20	55	4	-8	-2	-4	853.81
20	53	4	-6	1	5	890.8
20	42	4	-1	1	2	1106.25
20	53	4	6	0	-8	1048.21
20	37	4	6	4	-8	953.28
20	46	4	7	-5	4	1090.97
20	41	4	9	2	-4	842.51
20	30	5	-10	-1	-4	846.25
20	30	5	-10	-2	-9	967.82
20	34	5	-8	3	0	918.33
20	41	5	-4	4	-10	687.13
20	41	5	-1	0	5	877.43
20	51	5	4	1	-5	895.16
20	49	5	5	-1	2	1176.09
20	35	5	9	4	-6	991.67
20	54	6	-9	-1	-10	825.67
20	36	6	-8	-4	-8	1029.75
20	52	6	-6	-3	-4	831.09
20	37	6	-3	3	-1	755.9
20	50	6	-1	0	-5	879.74
20	54	6	1	-4	7	694.44
20	41	6	3	-4	-1	835.27
20	41	6	4	-1	-8	1023.79
20	48	6	6	-3	-5	966.75
20	30	6	9	-3	5	980.49
20	42	7	-10	-3	-5	929.95
20	45	7	-9	1	5	893.46
20	48	7	-8	0	-3	762.49
20	58	7	-7	4	5	807.95
20	55	7	-6	-4	7	694.16
20	36	7	-6	-1	1	1051.17
20	30	7	-4	3	-7	947.39
20	56	7	-3	3	4	953.28
20	35	7	-2	2	6	691.84
20	55	7	0	-3	-8	1034.17
20	30	7	5	-3	-6	1018.51
20	59	7	5	3	-7	1011.28
21	59	2	-2	-1	-9	878.52
21	39	2	0	-5	-1	747.79
21	53	2	0	-4	-8	977.1
21	36	2	4	4	5	749.58
21	55	2	6	-5	-2	760.99
21	44	2	8	-5	3	1124.6
21	34	3	-10	1	4	1034.52
21	59	3	-9	-5	-6	1038.5
21	49	3	-8	-1	0	963.75
21	48	3	-2	-2	6	706.75
21	43	3	1	-5	-6	934.2
21	42	3	3	4	3	967.7
21	45	3	6	-1	-6	967.29
21	51	3	8	-4	1	1096.83
21	50	4	-10	2	-5	876.74
21	40	4	-10	-1	6	764.34
21	37	4	-5	4	7	524.05
21	30	4	-4	4	1	915.77
21	50	4	0	-4	2	1091.7
21	59	4	2	2	-2	668.67
21	39	4	3	-2	-7	989.66
21	53	4	3	2	8	541.86
21	53	4	4	2	3	1038.09
21	42	4	4	4	-7	904.91
21	55	4	8	3	4	975.97
21	49	5	-8	-4	1	1058.47
21	54	5	-7	3	0	857.01
21	41	5	4	-3	-5	864.7
21	50	5	5	0	9	644.47
21	58	5	8	-1	-7	1072.02
21	41	6	-5	-1	1	1023.74
21	51	6	-2	2	2	1027.82
21	40	6	2	-5	-4	742.22
21	56	6	4	2	5	817.71
21	41	6	7	0	2	1135.99
21	30	7	-10	-4	2	1095.2
21	37	7	-6	2	-7	935.49
21	56	7	-6	1	0	888.19
21	39	7	-2	2	3	1008.79
21	49	7	0	-5	-8	980.64
21	40	7	5	4	8	532.59
21	46	7	6	-5	8	659.19
21	39	7	9	2	-4	820.46
22	57	2	-10	-3	-10	765.31
22	57	2	-10	4	2	977.71
22	54	2	-9	2	7	552.94
22	47	2	-9	2	-4	681.7
22	56	2	-6	-5	-9	861.77
22	35	2	-6	-1	-8	876.21
22	47	2	0	0	-7	880.53
22	38	2	0	3	-9	702.06
22	52	2	3	-1	-8	888.58
22	51	2	4	1	-6	835.12
22	56	2	7	-2	3	1062.55
22	54	2	8	-4	4	991.03
22	35	3	-10	1	4	948.1
22	51	3	-8	3	0	799.08
22	43	3	-5	-5	-10	667.07
22	45	3	-2	-3	9	566.13
22	51	3	-2	3	-4	594.01
22	40	3	-1	1	2	964.19
22	44	3	1	4	-1	592.61
22	40	3	6	1	2	998.18
22	34	3	7	-1	-6	879.45
22	59	4	-9	3	0	806.05
22	43	4	-2	-1	-10	616.51
22	32	4	8	-4	-7	958.72
22	34	4	9	3	3	989.17
22	49	5	-10	1	-8	914.07
22	32	5	-6	-1	-8	868.97
22	39	5	-4	-1	-5	748.61
22	57	5	-1	-1	2	1012.7
22	32	5	1	-2	0	801.47
22	30	5	5	3	4	839.76
22	55	6	-10	-5	5	846.76
22	32	6	-10	-5	-10	693.77
22	45	6	-6	-1	5	762.21
22	38	6	-3	-2	-8	855.85
22	37	6	-3	-2	-8	866.82
22	40	6	-2	-2	-8	867.95
22	41	6	1	2	-2	557.36
22	45	6	2	0	-2	613.98
22	32	6	3	0	5	751.24
22	32	6	9	-1	-3	687.41
22	32	7	-10	-5	-1	696.69
22	32	7	-9	1	4	890.19
22	57	7	-9	0	3	1017.67
22	33	7	-7	-1	-10	628.95
22	39	7	-6	-4	-2	598.62
22	45	7	-5	0	-5	736.79
22	36	7	-4	3	-1	621.09
22	44	7	-4	-2	-8	869.56
22	56	7	-3	3	8	419.54
22	41	7	1	4	-1	595.78
22	53	7	3	-2	-7	936.05
22	37	7	7	-3	8	575.9
22	59	7	9	-1	-9	909.54
23	44	2	-9	-1	-1	656.68
23	31	2	-6	2	1	799.83
23	56	2	-5	4	1	734.07
23	52	2	-5	2	2	860.11
23	50	2	-1	-5	-2	513
23	36	2	0	2	6	452.48
23	58	2	6	0	-8	802.34
23	57	2	8	4	-2	473.11
23	48	3	-7	3	-7	756.02
23	41	3	-2	4	-8	679.48
23	41	3	0	-4	-6	735.03
23	47	3	2	2	-8	717.51
23	51	3	2	4	6	408.59
23	50	4	-9	1	-9	708.64
23	34	4	-6	-2	9	442.16
23	41	4	-4	4	9	343.22
23	39	4	-4	1	-7	759.93
23	39	4	1	4	-7	694.78
23	38	4	5	-4	-3	515.76
23	33	5	-10	-3	-3	551.42
23	36	5	-9	2	-4	558.48
23	55	5	-6	-1	-6	770.88
23	51	5	-5	-4	-2	535.36
23	47	5	-5	1	-1	576.75
23	48	5	-4	1	-9	649.43
23	55	5	3	1	-3	485.74
23	56	5	3	0	-5	674.2
23	30	5	7	4	4	739.88
23	55	6	-9	4	2	823.92
23	57	6	1	-4	8	427.13
23	55	6	1	2	4	743.25
23	57	6	2	0	-10	537.11
23	35	7	-8	-3	1	833.03
23	52	7	-1	-5	-6	757.48
23	52	7	4	-5	1	871.16
23	33	7	8	3	8	422.37
23	33	7	8	-4	-2	583.19
24	35	2	-7	-3	-10	438.86
24	46	2	-5	-1	1	725.68
24	36	2	-2	3	-7	590.2
24	56	2	4	-2	-1	506.4
24	41	3	-9	3	6	371.48
24	35	3	-6	0	4	661.92
24	38	3	-4	-3	-7	667.31
24	34	3	-2	-2	-2	368.78
24	41	3	-1	-4	-5	503.72
24	51	3	5	0	9	329.3
24	30	3	5	3	2	701.28
24	41	3	6	-4	-6	659.17
24	53	3	8	1	-7	710.86
24	53	4	-10	-5	8	375.27
24	47	4	-8	4	-2	329.91
24	56	4	-7	-1	2	814.32
24	44	4	-4	-1	-5	520.59
24	55	4	-1	1	4	637.91
24	34	4	-1	-3	-6	599.46
24	48	4	2	-1	6	384.67
24	44	4	3	1	7	267.95
24	42	4	7	1	-10	420.25
24	58	5	-4	-1	-7	689.24
24	44	5	2	-5	-7	683.2
24	40	5	3	0	-9	537.23
24	45	5	3	2	5	486.24
24	46	5	6	2	1	717.29
24	32	5	8	1	8	296.16
24	43	6	-8	-3	-3	406.71
24	52	6	-7	1	1	699.58
24	36	6	-6	-3	9	315.9
24	35	6	-3	4	-9	453.95
24	58	6	-2	0	2	764.36
24	37	6	1	-5	-5	509.37
24	39	6	4	0	-1	463.31
24	46	7	-8	2	-5	498.3
24	39	7	-7	2	-3	327.28
24	37	7	-6	-1	5	507.14
24	36	7	-5	-1	-4	407.66
24	43	7	0	3	-1	373.75
24	31	7	5	1	-10	417.69
24	50	7	6	4	7	249.89
24	54	7	7	4	-7	656.33
24	51	7	8	3	5	547.87
24	38	7	8	0	0	675.37
25	58	2	-10	0	-9	494.1
25	47	2	-10	2	7	206.79
25	58	2	-7	1	3	645.6
25	31	2	-5	-5	-1	316.01
25	34	2	-2	-4	3	591.89
25	42	2	7	3	-3	217.26
25	37	2	8	3	6	234.79
25	45	3	-7	3	0	417.55
25	58	3	-6	0	6	280.05
25	42	3	-4	4	-7	450.74
25	55	3	-3	2	4	491.3
25	31	3	0	-5	-10	259.68
25	55	3	4	-4	6	298.25
25	47	3	7	0	6	296.42
25	49	3	9	-3	3	729.81
25	55	4	-5	4	3	529.23
25	30	4	-4	0	0	435.87
25	41	4	-4	-1	8	123.41
25	32	4	-3	2	-1	279.68
25	37	4	3	4	0	355.13
25	46	4	6	0	0	494.99
25	52	5	-9	4	6	199.44
25	34	5	-8	-1	-9	430.16
25	43	5	-2	-4	-2	248.44
25	57	5	3	-3	8	192.9
25	46	5	3	-5	-7	564.71
25	33	5	6	-4	-9	448.47
25	51	6	-10	2	6	269.96
25	42	6	-9	0	-9	440.79
25	46	6	-3	-5	4	530.65
25	49	6	1	-1	-5	401.98
25	37	6	4	-4	-6	503.94
25	55	6	5	4	5	330.23
25	49	6	6	2	-9	424.4
25	56	6	9	-2	-2	386.4
25	51	7	-10	1	-1	365.66
25	35	7	-4	-2	-6	460.75
25	39	7	1	-1	-7	531.7
25	52	7	5	-4	-8	590.4
25	41	7	6	-5	3	669.91
25	30	7	7	-1	5	452.01
25	58	7	7	-2	-10	378.23
26	50	2	-7	3	-10	119.54
26	40	2	-7	-5	1	462.96
26	58	2	-2	2	4	361.26
26	31	2	-1	-3	-5	231.1
26	51	2	0	3	-1	123.41
26	40	2	0	-3	8	-2.18
26	42	2	2	3	-5	194.68
26	43	2	8	-4	-4	231.65
26	57	3	-8	-3	6	208.85
26	45	3	-6	4	2	429.24
26	47	3	4	1	-6	344.91
26	38	3	6	-3	8	35.96
26	36	4	-9	4	0	274.96
26	54	4	2	-4	-4	203.46
26	39	4	2	0	-7	389.18
26	49	4	4	-1	8	17.73
26	52	4	8	-1	3	575.58
26	43	5	-9	3	2	479.4
26	56	5	-7	0	-10	179.94
26	36	5	-6	-3	-9	294.98
26	54	5	-2	-5	3	505.67
26	54	5	3	1	9	34.46
26	34	5	5	-2	-1	223.01
26	50	5	8	4	9	43.33
26	53	6	-6	-4	5	307.12
26	52	6	-2	-2	-2	143.02
26	40	6	0	-3	9	44.22
26	40	6	4	-2	-4	190.36
26	48	6	4	-3	-2	160.21
26	58	6	6	-3	4	496.2
26	32	6	7	-4	3	537.22
26	57	6	8	-3	2	630.69
26	51	6	9	-3	1	578.58
26	33	7	-7	2	1	399.42
26	40	7	-5	1	-8	347.05
26	35	7	-4	-5	-3	75.98
26	33	7	4	-3	1	451.17
27	46	2	-10	1	-7	350.55
27	43	2	-9	-1	-7	358.95
27	39	2	-8	-5	-2	53.42
27	50	2	-8	-5	-8	355.59
27	50	2	-3	4	-3	-97.37
27	35	2	-2	0	-10	2.09
27	43	2	-1	-2	7	-92.81
27	33	2	0	-3	-8	246.09
27	56	2	4	2	-4	31.65
27	59	2	5	-3	3	434.69
27	59	2	9	0	-1	179.21
27	42	2	9	1	1	388.61
27	34	3	-9	4	-8	255.3
27	52	3	-8	0	3	430.13
27	57	3	-7	-5	7	-5.46
27	55	3	-5	-1	7	-60.66
27	30	3	-3	1	3	336.31
27	39	3	0	-3	9	-72.62
27	35	3	1	-3	5	125.05
27	58	3	3	-5	-2	46.03
27	52	3	4	-1	4	310.51
27	57	3	7	2	-1	105.36
27	50	3	7	-1	-4	108.54
27	35	3	8	-5	8	-72.75
27	55	4	-10	2	-7	325.76
27	39	4	-9	4	2	353.3
27	32	4	-5	-2	-5	148.96
27	41	4	-4	3	0	143.61
27	48	4	-1	-3	-8	273.62
27	43	4	5	-3	7	-50.02
27	34	5	-10	0	1	371.31
27	38	5	-8	1	0	211.85
27	55	5	-7	-2	3	434.81
27	43	5	-6	-2	6	33.07
27	54	5	-5	-1	9	-52.6
27	56	5	-3	-5	4	315.64
27	54	5	0	-3	4	307.2
27	37	5	4	-5	5	153.46
27	59	6	-10	-2	-4	146.19
27	34	6	-8	-1	1	343.16
27	56	6	-8	2	9	-71.27
27	57	6	-7	0	-10	47.88
27	49	6	-3	-5	-8	280.23
27	40	6	-3	-5	-6	221.24
27	59	6	1	-3	-2	39.29
27	47	6	4	-2	4	327.03
27	55	6	9	-1	-5	274.57
27	33	7	-9	2	-1	64.49
27	53	7	-8	-1	2	429.67
27	59	7	-7	1	-7	297.14
27	32	7	-6	0	-7	259.86
27	59	7	-4	0	-3	-8.02
27	36	7	2	-2	1	326.71
27	41	7	3	1	1	316.39
27	50	7	7	1	8	-59.09
27	33	7	8	3	1	341.65
28	41	2	-8	0	-1	33.45
28	40	2	-8	3	-6	129.19
28	53	2	-5	-3	-4	7.03
28	48	2	-2	-2	-2	-70.5
28	42	2	9	-5	-6	218.05
28	39	3	-2	4	7	-281.77
28	34	3	0	-5	-6	127.78
28	48	3	3	-3	-10	-47.05
28	30	3	5	-4	-1	-20.82
28	51	4	-9	-2	-6	228.39
28	44	4	-8	-5	-9	139.81
28	32	4	-7	0	-6	149.54
28	50	4	-5	-3	7	-159.6
28	37	4	-2	-1	2	281.02
28	31	4	-2	2	9	-226.68
28	43	4	4	-5	1	251.19
28	37	4	5	4	-7	119.11
28	32	4	6	3	-1	-50.14
28	56	5	2	-3	3	313.77
28	44	5	5	-2	-6	185.81
28	45	5	9	1	-5	125.15
28	52	6	-10	4	7	-221.81
28	42	6	-10	-5	8	-147.19
28	44	6	-9	4	-7	139.86
28	32	6	-5	-2	0	95.81
28	36	6	-5	3	-7	130.4
28	55	6	-2	-4	-10	-27.5
28	31	6	8	-3	-3	-44
28	57	7	-5	-5	-10	-9.23
28	47	7	-4	2	1	176.7
28	43	7	-3	-2	6	-99.11
28	54	7	-1	4	-10	-159.41
28	57	7	4	-2	-5	108.48
28	59	7	4	-2	6	-26.37
28	49	7	5	1	-5	70.92
28	48	7	5	2	-9	80.9
28	42	7	8	1	-10	3.77
28	53	7	9	2	4	268.71
29	34	2	-4	-4	-8	99.88
29	47	2	0	0	6	-172.51
29	43	2	1	2	3	147.9
29	44	2	2	3	-10	-207.47
29	56	2	2	4	-2	-260.29
29	51	2	2	1	-6	53.32
29	52	2	4	-3	0	77.25
29	54	2	5	0	8	-260.04
29	39	2	5	-2	6	-138.32
29	51	2	6	2	8	-291.37
29	39	3	0	-5	7	-267.53
29	42	3	3	-4	3	217.86
29	43	3	5	-3	0	73.38
29	41	3	9	0	1	228.29
29	41	4	-10	-1	-7	193.29
29	34	4	-7	-3	-8	117.1
29	40	4	-1	0	-2	-182.21
29	32	4	0	-4	2	191.29
29	44	4	1	3	8	-356.66
29	55	4	3	-2	-4	-81.54
29	33	4	9	3	1	171.56
29	39	5	-10	0	-5	46.34
29	41	5	-10	-2	0	116.61
29	59	5	-9	2	9	-204.08
29	34	5	-5	4	-10	-217.94
29	34	5	-1	2	1	101.11
29	58	5	0	3	-1	-149.19
29	55	5	3	-1	0	66.85
29	31	5	8	-3	-8	156.06
29	41	5	9	2	-2	-105.86
29	39	6	-1	-1	0	27.26
29	39	6	6	1	0	66.66
29	31	7	-8	-2	-8	89.19
29	42	7	-6	-4	-2	-159.14
29	53	7	-4	-1	3	216.79
29	53	7	5	-4	-1	-9.03
29	46	7	5	1	0	70.88
29	48	7	6	-1	7	-189.96
29	36	7	8	-5	8	-195.98
30	45	2	-6	0	8	-301.14
30	40	2	-5	-4	8	-292.04
30	46	2	-1	1	-9	-65.23
30	51	2	0	2	-3	-251.1
30	59	2	4	-3	0	53.31
30	33	2	9	2	8	-304.16
30	43	3	-4	-3	-1	-99.51
30	40	3	0	1	1	82.79
30	42	3	3	0	-6	28.65
30	51	3	3	3	6	-256.59
30	47	3	4	-3	7	-267.31
30	57	4	-10	-5	-7	209.13
30	35	4	-10	0	-5	-6.9
30	48	4	-10	-4	-5	32.66
30	55	4	-7	2	-6	31.38
30	32	4	-5	1	-7	55.97
30	43	4	-3	-2	1	117.18
30	33	4	0	-1	7	-315.57
30	54	4	1	4	-2	-296.08
30	39	4	4	-4	3	167.5
30	46	4	7	-2	-6	104
30	46	4	8	-4	-2	-124.79
30	32	5	-6	-4	8	-326.46
30	34	5	-5	-4	-5	-65.43
30	55	5	1	-5	4	115.12
30	32	5	8	-2	4	144.69
30	45	6	-5	2	-8	15.9
30	58	6	-4	1	2	174.5
30	51	6	-3	-5	8	-294.52
30	58	6	-1	-2	3	200.7
30	42	6	0	3	1	39.71
30	49	6	2	3	-5	-128.96
30	36	6	3	3	-4	-220.91
30	47	6	6	2	-6	40.81
30	45	6	7	-3	3	257.35
30	52	7	-8	2	8	-329.51
30	59	7	-2	1	0	-19.1
30	58	7	1	-1	2	204.34
30	46	7	2	-1	-1	-94.48
30	30	7	6	-4	7	-264.07
30	52	7	6	4	7	-325.89
30	31	7	7	-5	-9	17.85
30	51	7	7	-1	7	-203.94
30	59	7	8	1	-2	-107.3
30	43	7	9	-4	-10	-35.38
31	48	2	-9	1	9	-222.76
31	31	2	-8	2	-10	-180.61
31	30	2	-4	-5	6	-236.51
31	32	2	-1	-5	-1	-163.32
31	39	2	0	0	-10	-209.98
31	43	2	0	-3	3	161.65
31	34	2	4	1	1	94.66
31	32	2	6	3	-4	-202.84
31	47	2	9	-4	6	-111.85
31	54	3	-8	3	-10	-182.19
31	50	3	0	0	-8	51.21
31	55	3	8	0	-6	106.28
31	41	3	8	-1	-10	-117.12
31	42	4	0	-2	2	176.14
31	38	4	0	-3	3	160.54
31	59	4	1	-1	-10	-148.62
31	34	4	2	4	-7	-8.09
31	34	4	4	-5	1	95.35
31	33	4	8	-4	-2	-153.88
31	58	5	-9	1	-3	-173.36
31	39	5	-6	-2	0	21.92
31	44	5	-5	2	-7	45.36
31	56	5	2	-1	-6	62.58
31	35	5	5	-4	-10	-154.28
31	52	5	6	1	9	-238.36
31	55	6	-10	-5	3	258.37
31	50	6	-1	-3	0	24.1
31	30	6	2	-1	4	55.36
31	58	6	3	3	-3	-255.32
31	48	6	7	3	0	-7.47
31	32	7	-10	-2	-3	-181.16
31	30	7	-10	2	-7	66.8
31	37	7	-5	-5	9	-269.28
31	42	7	-1	-2	7	-302.57
31	59	7	1	-4	-4	-100.65
31	44	7	2	0	4	74.16
31	43	7	3	-5	-7	106.65
31	54	7	4	1	-2	-177.27
31	57	7	5	4	-7	44.59
31	43	7	6	-1	-4	-93.89
31	51	7	6	2	-8	75.65
31	40	7	6	-4	-8	125.64
32	45	2	-4	-1	-3	-162.29
32	47	2	-4	-1	-3	-169.91
32	40	2	3	-1	9	-245.5
32	33	2	3	0	6	-195.93
32	48	2	6	-2	-8	140.14
32	39	2	9	4	-6	46.64
32	37	3	-5	-5	-5	-40.07
32	52	3	-3	-4	7	-232.27
32	45	3	1	2	4	61.32
32	49	3	6	4	2	153.33
32	36	4	-10	-4	-2	-95.21
32	37	4	-10	4	7	-288.47
32	46	4	-6	-2	7	-226.11
32	33	4	-5	1	2	196.36
32	34	4	-5	2	1	116.37
32	41	4	-4	2	6	-216.85
32	35	4	-3	-1	-7	101.02
32	34	4	-2	2	0	-20.25
32	35	4	6	2	-8	78.58
32	53	4	7	4	-7	90.48
32	49	4	7	4	-10	-177.98
32	47	4	9	-4	6	-57.4
32	46	5	-3	-5	1	141.37
32	43	5	-1	-4	6	-179.03
32	48	5	0	2	3	156.33
32	43	5	1	-3	-4	-120.03
32	53	5	2	-5	-2	-137.51
32	40	5	3	-4	-7	129.3
32	43	5	7	3	4	104.11
32	30	6	-10	3	-5	-45.33
32	39	6	-10	4	8	-319.02
32	33	6	-6	-4	2	192.4
32	53	6	-5	3	-4	-190.28
32	49	6	-2	-1	7	-260.4
32	46	6	5	-3	8	-237.11
32	33	6	8	-3	3	276.68
32	47	7	-9	-4	-7	157.83
32	48	7	-6	-1	-3	-170.26
32	49	7	-4	4	4	4.85
32	45	7	-2	-4	-7	121.41
32	41	7	9	1	-5	70.69
33	39	2	-8	-1	1	264.26
33	43	2	-2	2	8	-267.42
33	52	2	-1	0	-2	-105.65
33	37	2	0	-5	0	67.72
33	45	2	4	-5	-4	-47.57
33	33	2	5	2	7	-232.75
33	35	2	5	-3	7	-189.79
33	50	2	7	-5	8	-133.38
33	39	3	0	4	-5	-62.34
33	49	3	0	2	-4	-97.13
33	51	3	4	-4	-8	215.78
33	47	3	5	0	-2	-67.39
33	41	4	-10	0	-2	-32.6
33	51	4	1	-5	-8	197.91
33	58	4	4	-2	9	-119.98
33	54	4	4	1	6	-95.09
33	33	4	6	-3	5	57.44
33	35	5	-10	1	0	134.46
33	47	5	-7	2	2	269.13
33	46	5	-5	2	5	1.67
33	37	5	-4	1	9	-220.33
33	57	5	-4	-4	-1	23.44
33	40	5	-3	4	7	-300.31
33	51	5	0	-5	-1	-4.92
33	43	5	1	4	8	-318.1
33	38	5	2	3	-6	63.63
33	38	5	4	2	9	-207.27
33	33	5	8	1	5	68.59
33	37	5	9	4	-9	66.12
33	41	6	-7	0	-5	47.29
33	42	6	1	4	-10	-167.01
33	50	6	4	-2	-1	34.56
33	56	6	5	-2	-1	54.57
33	57	6	9	-4	-4	101.53
33	34	7	-9	-3	-8	184.09
33	30	7	-9	-1	9	-165.99
33	49	7	-8	-1	-10	-49.09
33	36	7	-4	-5	9	-184.9
33	39	7	1	-2	2	282.64
33	56	7	2	4	9	-243.47
33	37	7	3	-2	9	-172.83
33	32	7	7	-4	-4	-6.11
34	57	2	-10	-2	2	501.44
34	33	2	-5	-1	-10	7.89
34	55	2	-4	2	-9	129.09
34	32	2	-4	2	0	151.05
34	52	2	-2	1	0	181.52
34	54	2	1	0	6	-7.44
34	45	2	4	0	1	316.83
34	55	2	4	-3	-6	280.88
34	45	2	5	2	7	-132.44
34	52	2	5	3	0	152.45
34	47	3	-8	1	3	399.17
34	33	3	-1	0	-8	210.74
34	49	3	2	-2	9	-60.84
34	39	3	2	-2	7	-106.37
34	37	3	3	2	-10	-32.8
34	36	3	5	-3	0	214.34
34	38	4	-7	-2	2	395.02
34	31	4	-7	-5	-4	40.31
34	48	4	-5	1	1	313.42
34	52	4	-3	4	-3	-105.89
34	58	4	2	0	7	-84.92
34	58	4	2	4	7	-194.8
34	49	4	2	-4	-5	162.49
34	35	4	4	1	0	173.88
34	52	4	5	3	-4	-0.03
34	34	4	6	-5	-2	1.4
34	57	5	-7	-5	6	70.67
34	44	5	-1	3	-9	82.07
34	53	5	5	-3	-8	318.3
34	34	6	-7	-2	-2	2.56
34	42	6	-6	-5	-2	-4.76
34	54	6	-5	-1	7	-80.76
34	53	6	-2	3	3	281.07
34	51	6	-1	-1	9	-78.55
34	45	6	0	-3	-3	-6.83
34	39	6	1	-4	1	302.7
34	40	6	2	-4	-5	137.02
34	53	6	2	3	7	-161.66
34	53	6	5	-4	6	64.77
34	47	7	-10	0	2	423.15
34	31	7	-8	-2	-6	216.83
34	36	7	-8	3	-7	222.95
34	43	7	-6	3	1	234.36
34	55	7	-5	4	4	167.69
34	46	7	-5	2	-6	185.08
34	33	7	-4	4	-4	-86.7
34	31	7	0	2	7	-168.11
34	35	7	3	1	-3	-34.12
34	52	7	7	4	-6	217.47
34	34	7	8	2	1	354.94
35	45	2	-8	3	-7	380.41
35	37	2	-8	-3	-5	301.25
35	40	2	-8	4	8	-60.86
35	52	2	-5	0	4	414.43
35	55	2	-5	-4	3	533.14
35	38	2	-5	-3	-6	363.92
35	50	2	-1	-2	-3	115.55
35	41	2	-1	3	1	342.31
35	57	2	-1	-5	-8	437.56
35	40	2	4	-2	7	27.98
35	53	2	8	-3	-1	282.01
35	30	3	2	-1	-1	164.81
35	57	3	2	0	-10	144.67
35	43	3	2	-3	3	491.38
35	33	3	4	-2	0	309.17
35	32	3	9	1	-2	161.59
35	40	3	9	0	2	564.31
35	56	3	9	1	2	557.94
35	39	4	-8	1	7	24.1
35	53	4	-6	1	4	394.53
35	36	4	-3	1	-10	93.61
35	59	4	-2	-3	8	41.46
35	55	4	-2	0	9	32.27
35	32	4	0	-2	1	408.62
35	56	4	2	2	-5	222.99
35	35	4	2	-5	6	94.65
35	34	4	4	-5	9	45.25
35	37	4	7	0	-6	373.38
35	33	4	7	-4	0	347.01
35	59	5	-8	0	-8	416.41
35	34	5	-7	-4	7	14.64
35	33	5	-6	-5	5	236.56
35	35	5	-6	-4	4	388.09
35	58	5	-5	2	5	230.36
35	39	5	-4	-4	-8	364.97
35	32	5	-2	-5	-1	129.64
35	31	5	-1	2	-6	270.66
35	37	5	-1	-1	-5	230.68
35	44	5	1	2	-3	54.97
35	41	5	3	-4	-7	409.51
35	50	5	3	-5	5	289.8
35	44	6	-10	3	8	-16.85
35	46	6	-10	-5	5	318.73
35	35	6	-7	2	-5	222.65
35	46	6	-6	4	5	166.47
35	35	6	-5	-1	4	373.33
35	56	6	-2	3	0	227.32
35	50	6	-1	-2	-7	394.62
35	37	6	-1	1	-7	341.01
35	42	6	8	4	6	96.18
35	56	7	-6	2	7	-16
35	49	7	-1	0	7	-10.8
35	40	7	1	-5	-7	392.74
35	49	7	2	3	-2	51.12
35	56	7	5	-3	1	509.06
35	54	7	5	-5	8	79.91
35	54	7	6	-5	-10	258.87
35	55	7	8	-5	-9	430.39
36	58	2	-9	4	3	591.3
36	52	2	-7	-4	-9	483.51
36	43	2	-4	2	5	346.72
36	47	2	-3	4	-10	179.01
36	42	2	1	2	8	64.95
36	59	2	3	-4	-4	340.15
36	45	2	5	0	-3	242.64
36	31	2	5	-3	-3	221.76
36	50	2	6	1	-6	498.85
36	37	3	-4	-1	-1	323.17
36	31	3	-1	-5	-8	473.01
36	31	3	-1	2	3	551.02
36	40	3	0	1	-8	461.5
36	43	3	4	2	2	594.26
36	40	3	6	1	-2	248.46
36	30	4	-8	-5	4	518.98
36	36	4	-3	-4	-6	463.24
36	40	4	-2	2	4	467.69
36	45	4	8	3	-4	286.46
36	37	5	-8	3	-10	242.39
36	52	5	-7	4	8	56.39
36	37	5	-7	2	-5	357.97
36	46	5	-4	-5	0	441
36	52	5	-2	3	-8	437.04
36	42	5	3	-4	0	445.55
36	50	5	4	-2	-6	511.36
36	30	5	7	2	-1	320.32
36	44	6	-10	0	8	166.62
36	57	6	-10	2	-6	508.7
36	44	6	-8	-4	-3	270.26
36	35	6	-6	-1	-3	218.72
36	31	6	-5	3	9	89.09
36	52	6	-2	2	4	482.3
36	41	6	-2	0	-5	350.06
36	47	6	7	-1	-6	544.54
36	38	6	8	-2	-6	555.5
36	40	6	8	3	8	138.62
36	55	7	-4	-4	-4	310.89
36	55	7	-3	-1	-5	396.77
36	33	7	-3	-5	1	513.7
36	49	7	-2	-3	-10	270.18
36	33	7	-2	4	-2	123.77
36	43	7	-1	0	1	541.17
36	54	7	0	-5	0	465.73
36	57	7	0	-5	3	642.88
36	44	7	3	-2	5	398.7
36	55	7	4	-4	2	680.85
36	49	7	6	-1	4	592.13
36	33	7	8	1	4	579.63
37	44	2	-5	-2	8	274.38
37	30	2	-5	1	5	481.86
37	32	2	-3	2	5	459.5
37	30	2	-3	1	4	609.34
37	49	2	2	-2	-9	557.96
37	57	2	4	0	-6	630.66
37	30	2	5	1	8	233.06
37	49	2	7	-3	-2	446.62
37	42	2	8	2	-9	553.65
37	39	3	-3	-4	-5	507.33
37	46	3	1	-1	2	765.41
37	36	3	1	2	3	692.34
37	40	3	1	3	6	300.01
37	49	3	1	-5	-8	660.17
37	30	3	4	-2	-1	442.76
37	53	3	4	1	1	691.71
37	59	3	6	2	0	590.37
37	40	3	9	3	0	591.85
37	47	4	-8	1	8	286.41
37	58	4	-7	-1	3	810.92
37	42	4	-1	3	1	608.15
37	44	4	1	2	8	214.52
37	55	4	6	0	-7	704.19
37	59	4	7	3	-5	527.29
37	38	5	-9	-3	-1	507.56
37	55	5	-5	-1	-7	680.23
37	37	5	-5	-1	-10	384.26
37	39	5	-3	2	-6	561.78
37	42	5	1	-1	1	683.3
37	58	5	4	-1	1	755.67
37	42	5	5	-1	-2	413.64
37	59	6	-6	0	-4	445.56
37	50	6	2	4	5	430.07
37	36	6	3	-1	-7	652.49
37	58	6	3	-4	-7	736.17
37	48	6	5	2	1	694.82
37	50	6	6	4	1	646.81
37	36	6	6	1	-9	551.4
37	32	6	8	-1	-5	578.63
37	46	7	-5	-2	-8	634.61
37	32	7	-4	1	-10	335.37
37	48	7	-3	-1	3	749.66
37	36	7	-3	2	7	208.04
37	46	7	-2	-5	6	381.49
37	43	7	9	1	-7	751.46
37	38	7	9	4	-8	661.93
38	56	2	-8	-1	7	487.65
38	55	2	-5	0	-3	521.28
38	51	2	-3	-1	5	667.45
38	53	2	0	-1	8	395.57
38	55	2	3	-3	-6	792.31
38	39	2	4	-3	6	517.65
38	34	2	8	-5	0	729.82
38	48	3	-6	3	4	747.44
38	36	3	0	-5	3	846.02
38	51	3	1	1	4	760.25
38	42	3	4	-2	2	900.66
38	58	3	5	-1	-7	835.95
38	34	4	-10	3	3	880.85
38	34	4	-4	4	9	343.82
38	44	4	-2	0	-3	478.51
38	34	4	2	-4	0	680.49
38	33	4	2	-1	8	358.55
38	57	4	4	3	2	847.31
38	52	4	6	-1	-2	572.43
38	49	5	-7	-2	-2	556.89
38	47	5	-6	1	-5	646.95
38	31	5	4	-4	5	639.3
38	46	5	8	-2	-10	630.39
38	31	6	-9	-4	1	826.27
38	48	6	-5	1	2	873.56
38	49	6	-5	-4	-7	827.83
38	48	6	0	-1	5	653.77
38	49	7	-8	-2	-4	589.98
38	52	7	5	3	-5	629.85
38	32	7	5	2	9	414.46
38	33	7	5	-4	-10	565.01
38	53	7	8	2	-5	711.91
38	48	7	8	1	3	956.16
38	48	7	9	-1	-6	874.51
38	35	7	9	-2	1	925.08
39	30	2	-4	0	-3	596.48
39	52	2	-4	-5	1	982.36
39	36	2	-3	3	-8	808.54
39	39	2	0	-1	3	985.28
39	54	2	1	-5	5	794.87
39	58	2	2	2	4	875.6
39	36	2	3	2	9	508.87
39	33	2	7	0	6	651.81
39	38	3	-7	2	8	479.81
39	52	3	-6	1	-6	877.4
39	52	3	0	-3	-5	794.34
39	43	3	7	-2	-3	662.45
39	56	4	-10	-4	9	691.04
39	30	4	-7	2	9	509.35
39	53	4	-6	2	-10	636.7
39	34	4	-5	0	-9	763.67
39	30	4	6	-2	-9	794.65
39	41	4	8	-1	-9	846.96
39	36	4	9	-2	-5	841.34
39	36	4	9	0	5	825.62
39	57	5	-7	4	-6	800.52
39	53	5	-6	4	7	461.89
39	55	5	-3	1	9	540.2
39	55	5	3	4	5	686.57
39	45	5	4	0	-2	640.43
39	36	5	6	-2	6	659.85
39	53	5	7	4	0	783.39
39	47	5	9	4	1	936.12
39	41	6	-3	4	7	421.66
39	41	6	-3	-3	2	1004.16
39	46	6	-1	-1	-8	876.89
39	35	6	1	0	-10	613.29
39	33	6	7	3	0	813.96
39	59	7	-9	-2	-7	987.72
39	40	7	-9	2	-10	617.75
39	33	7	-7	3	9	482.3
39	33	7	-4	2	-2	554.16
39	50	7	-3	2	8	446.54
39	52	7	-1	-1	2	1027.58
39	58	7	0	-4	5	818.34
40	42	2	-10	3	9	675.13
40	36	2	-9	1	5	899.69
40	35	2	-5	-4	5	860.83
40	48	2	-3	1	-8	959.89
40	33	2	-1	-1	3	1055.19
40	43	2	1	-1	4	989.44
40	55	2	1	3	-1	739.44
40	44	2	2	-1	-9	880.4
40	54	2	3	2	-3	680.99
40	31	2	6	-3	3	1086.8
40	49	2	6	4	-1	738.52
40	44	2	9	-3	-7	1093.84
40	43	3	-9	0	9	696.52
40	37	3	-2	-5	4	965.59
40	43	3	-2	2	9	600.23
40	32	3	0	-1	-5	818.96
40	42	3	2	-4	5	851.04
40	32	3	9	1	0	952.65
40	51	4	-10	-2	9	757.05
40	33	4	-8	-3	1	1052.69
40	45	4	0	-5	-7	1018.85
40	46	4	1	-4	3	1096.9
40	36	4	5	1	-7	981.23
40	45	4	7	2	9	651.46
40	42	4	8	-1	-1	876.07
40	53	5	-8	-4	6	812.11
40	54	5	-6	2	-8	965.08
40	46	5	-5	2	-3	670.97
40	58	5	1	3	-3	646.91
40	59	5	4	4	-10	692.82
40	37	5	6	0	-2	743.85
40	44	5	6	-1	9	690.46
40	42	5	7	2	4	1007.09
40	45	5	9	2	-9	938.66
40	46	6	-8	-4	8	651.33
40	55	6	-7	2	-4	746.7
40	32	6	-3	-1	8	565.83
40	57	6	4	-4	7	698.98
40	37	6	8	-5	-10	839.8
40	36	7	-9	0	7	616.87
40	59	7	-6	4	0	838.08
40	43	7	-5	-4	6	719.26
40	46	7	-5	-3	0	935.23
40	30	7	-4	2	-3	635.74
40	50	7	-3	-2	-5	867.86
40	46	7	1	-3	-6	972.65
40	43	7	3	1	-4	762.28
40	37	7	5	-3	-3	742.96
40	30	7	8	2	9	680.31
40	34	7	8	-4	-1	869.41
40	55	7	9	-1	5	1005.02
41	32	2	-9	-2	3	1203.31
41	58	2	5	-5	1	1171.01
41	49	2	9	-3	7	799.61
41	38	2	9	-4	8	741.2
41	38	3	-9	-5	3	1188.92
41	44	3	-2	-1	0	993.16
41	55	3	0	4	9	626.61
41	59	3	3	2	-2	768.58
41	36	3	4	-2	-1	866.28
41	32	3	4	-4	8	654.02
41	55	3	9	3	7	714.31
41	32	4	-10	0	-9	983.76
41	49	4	-10	-1	2	1260.63
41	32	4	-8	-5	7	704.45
41	37	4	-4	3	6	720.77
41	37	4	-3	1	-10	755.84
41	51	4	-2	3	-8	981.07
41	46	4	0	-3	-2	795.3
41	42	4	2	4	-2	685.32
41	56	4	5	0	-10	847.68
41	53	4	8	-2	1	1195.05
41	50	6	0	-3	-7	1097.69
41	35	6	6	4	2	1111.63
41	48	6	8	-4	9	837.75
41	32	7	-4	-5	-5	877.39
41	53	7	-1	-4	-4	849.28
41	47	7	0	4	4	954.55
41	40	7	7	-3	-8	1130.23
42	43	2	-9	-4	-3	879.15
42	43	2	-6	-4	-4	901.98
42	55	2	3	3	-1	851.85
42	41	2	3	0	5	947.85
42	58	2	5	2	9	745
42	39	2	5	2	-3	778.5
42	33	2	5	-1	-9	970.61
42	59	2	7	2	1	1168.09
42	55	2	9	1	-3	883.63
42	53	3	-7	-3	-8	1158.08
42	34	3	-1	-5	5	920.26
42	41	3	4	-2	4	1110.29
42	57	4	-10	-1	-2	931.48
42	34	4	-10	-5	8	758.07
42	55	4	-8	-2	9	831.11
42	47	4	-5	1	-10	835.31
42	46	4	-3	4	4	1003.42
42	37	4	-1	1	-5	911.01
42	36	4	0	-1	6	795.95
42	36	4	1	-4	-8	1073.11
42	53	4	1	-3	2	1238.62
42	43	4	6	0	2	1226.12
42	54	4	7	-4	6	919.61
42	31	5	-10	-5	-2	841.52
42	41	5	-10	-1	-3	877.16
42	48	5	-10	-1	8	776.71
42	46	5	-8	-5	7	777.81
42	33	5	-1	2	-10	777.24
42	46	5	-1	2	-9	926.45
42	52	5	0	1	3	1170.1
42	31	5	4	-3	2	1181.6
42	43	5	6	-4	-1	945.96
42	41	5	8	0	8	759.12
42	31	5	8	-5	-10	893.66
42	36	5	9	-1	-3	885.52
42	33	6	-10	4	-2	767.98
42	49	6	-9	-3	-2	888.31
42	54	6	-7	-4	5	1019.64
42	45	6	-5	-3	1	1143.19
42	32	6	-4	1	2	1143.46
42	46	6	-4	1	-8	1047.89
42	38	6	-4	-5	-7	1098.69
42	37	6	4	-5	4	1096.38
42	52	7	-8	-2	6	856.12
42	32	7	-7	-5	-9	970.7
42	42	7	-7	2	7	678.71
42	52	7	-6	4	4	999.75
42	51	7	4	3	9	717.95
42	48	7	6	2	-6	1070.61
42	38	7	8	1	6	883.04
43	46	2	-7	2	0	1016.41
43	55	2	-7	-3	4	1175.45
43	32	2	-5	-3	9	743.15
43	51	2	-2	0	-4	862.17
43	30	2	-1	-4	3	1130.83
43	51	2	6	-3	-5	1016.85
43	36	3	-9	-2	9	794.85
43	55	3	-8	-1	-7	1182.06
43	50	3	-3	-4	1	1153.86
43	48	3	-3	-4	9	771.56
43	57	3	-1	-1	4	1120.98
43	54	3	7	-5	6	908.72
43	50	3	7	0	-3	858.43
43	30	4	-10	0	7	756.94
43	41	4	-1	2	-4	808.45
43	47	4	2	-2	4	1106.13
43	47	4	3	2	-9	949.64
43	53	4	9	0	-10	930.89
43	39	5	-10	4	-1	858.96
43	40	5	-5	3	5	886.71
43	43	5	0	3	-6	971.47
43	57	5	2	-4	-4	916.34
43	47	5	6	-1	6	879.18
43	52	6	-6	-3	5	999.81
43	45	6	-6	3	-10	780.13
43	41	6	-5	1	-4	835
43	35	6	-4	3	0	935.38
43	54	6	-4	1	-9	971.54
43	55	6	-4	-3	-1	934.72
43	58	6	-3	4	9	669.43
43	50	6	-2	0	4	1085.97
43	47	6	1	3	-5	892.36
43	51	6	5	-4	-9	1055.82
43	53	6	5	-4	-1	966.83
43	35	6	6	-3	-4	891.13
43	37	7	-8	-4	5	959.73
43	35	7	-8	-3	4	1093.85
43	50	7	-8	-5	-1	936.08
43	47	7	-6	4	-10	760.01
43	50	7	-5	3	2	1118.68
43	32	7	-5	1	-4	813.73
43	37	7	0	-3	-5	938.29
43	52	7	1	1	-5	940.9
43	39	7	3	2	-4	824.94
44	40	2	-7	2	6	766.69
44	44	2	-7	2	-4	816.9
44	30	2	-6	-3	9	699.61
44	37	2	-6	0	3	1147.25
44	46	2	-3	-5	7	704.02
44	58	2	7	2	-3	798.47
44	30	2	8	-4	0	998.12
44	45	3	-10	-4	-9	1045.14
44	48	3	-10	4	-1	844.86
44	44	3	-8	1	-9	965.8
44	57	3	-2	2	-3	744.43
44	51	3	-2	-5	5	943.75
44	49	3	-2	3	7	621.58
44	37	3	0	-4	7	671.46
44	46	3	3	0	4	1066.18
44	43	3	4	-2	5	939.94
44	34	3	8	2	-2	787.46
44	35	3	8	-3	6	817.15
44	56	3	8	-3	-3	879.88
44	41	4	-10	4	-1	834.12
44	58	4	-5	3	-2	743.69
44	50	4	-5	0	-7	1068.58
44	48	4	-2	3	-4	750.72
44	56	4	0	-5	0	1018.25
44	32	4	3	1	-8	991.63
44	45	4	4	-1	5	933.53
44	46	5	-7	-2	4	1093.75
44	39	5	-6	-4	9	714.27
44	36	5	-4	4	-7	960.98
44	44	5	-1	-5	-7	1072.59
44	53	5	6	-4	9	791.7
44	59	5	7	2	-8	1077.08
44	43	5	8	4	-10	801.37
44	35	5	9	-4	4	1133.47
44	58	6	-5	-1	-9	984.2
44	37	6	-4	-4	-8	1028.37
44	36	6	-3	2	8	596.08
44	33	6	2	3	-5	840.31
44	50	7	-8	-2	4	1117.65
44	49	7	-6	-3	3	1168.66
44	39	7	0	3	-5	838.84
44	41	7	3	2	5	883.6
44	44	7	4	-2	2	1203.02
44	40	7	4	-5	-1	863
44	41	7	5	-4	7	724.69
45	42	2	-10	-5	-1	873.91
45	45	2	-8	2	-9	885.21
45	54	2	-8	-4	-10	852.09
45	56	2	-7	4	0	859.78
45	31	2	-6	3	-8	914.39
45	52	2	-4	-5	7	659.84
45	43	2	-3	-4	-10	749.46
45	47	2	-2	4	1	925.76
45	49	2	-1	-2	1	1048.42
45	34	2	1	1	-6	893.84
45	34	2	2	-3	9	621.58
45	54	2	6	-4	3	1153.25
45	35	2	9	-5	2	1129.18
45	51	3	-9	1	-6	992.75
45	55	3	-5	3	4	947.16
45	34	3	-2	-4	-8	939.32
45	30	3	-2	-3	8	546.69
45	50	3	-1	1	-4	732.36
45	53	3	-1	4	-9	780.93
45	32	3	5	0	-9	849.49
45	51	3	6	-4	5	910.74
45	54	4	-8	3	6	704.93
45	31	4	-5	0	1	999.47
45	49	4	-3	-5	4	1008.59
45	50	4	-2	-4	-2	733.6
45	40	4	-2	-5	-4	739.94
45	36	4	1	-5	-1	750.44
45	54	4	2	-5	-2	750.65
45	59	4	3	2	-5	840.74
45	56	4	4	-1	2	1140.16
45	42	4	4	-4	-3	713.44
45	40	4	5	1	6	700.29
45	33	5	-9	-4	3	1097.78
45	48	5	-8	3	-2	685.95
45	43	5	-8	0	8	610.32
45	42	5	-3	-2	4	984.8
45	58	5	-2	3	7	550.53
45	38	5	-2	2	-6	875.25
45	39	5	0	4	2	979.22
45	34	5	3	4	3	981.93
45	52	5	6	-1	1	1098.88
45	44	6	-7	0	1	1044.3
45	53	6	-3	-2	0	947.59
45	53	6	-1	3	-1	713.4
45	40	7	-9	4	-8	899.08
45	51	7	-3	-3	-3	720
45	31	7	-1	-3	-2	673.61
45	31	7	2	-5	-3	658.28
45	36	7	4	2	6	671.89
45	35	7	6	-5	4	1015.19
45	47	7	7	-1	1	1121.4
46	36	2	-7	-4	-3	619.22
46	53	2	-7	2	-1	705.95
46	44	2	-6	-5	2	1020.15
46	37	2	4	-3	9	541.67
46	43	2	5	2	-10	603.57
46	42	3	-9	-5	6	679
46	51	3	-8	0	6	674.67
46	39	3	-7	-3	-3	626.24
46	32	3	-4	-1	-7	873.56
46	54	3	1	0	-10	638
46	44	4	-2	-2	-5	755.7
46	51	4	-1	0	6	607.43
46	32	4	0	-1	-3	571.83
46	50	4	0	4	-6	749.29
46	55	4	0	4	-8	788.48
46	46	4	1	4	4	792.03
46	45	4	4	4	1	853.06
46	50	4	7	-3	4	973.85
46	46	4	7	3	-7	881.84
46	43	5	-10	-4	0	880.04
46	33	5	-9	-2	-6	868.89
46	47	5	-9	4	-5	712.76
46	59	5	-6	1	2	1012.02
46	34	5	-5	0	1	913.85
46	31	5	1	-3	-3	572.08
46	35	5	3	-2	7	513.89
46	43	5	3	1	1	925.47
46	49	5	7	-2	8	567.35
46	42	6	-10	4	-9	739.29
46	41	6	-5	3	7	454.75
46	59	6	-3	-5	3	1023.78
46	53	6	1	-1	5	777.66
46	48	7	-9	-4	-8	934.78
46	51	7	-3	-1	5	757.26
46	53	7	-2	-5	8	529.43
46	35	7	-2	2	-8	795.4
46	32	7	1	-2	-3	577.34
47	42	2	-10	-2	6	581.11
47	59	2	2	-5	5	698.3
47	50	2	7	-1	-10	573.07
47	42	3	-10	1	-10	568.4
47	52	3	-9	-2	-5	735.36
47	52	3	-8	1	6	550.81
47	59	3	-3	0	4	798.99
47	52	3	-2	0	9	414.5
47	34	3	-1	2	7	323.82
47	44	3	4	-1	-8	760.91
47	30	4	-6	-3	-5	617.52
47	34	4	-3	0	7	367.11
47	46	4	-3	3	-10	456.69
47	32	4	-1	-4	-9	633.35
47	43	4	4	-5	-5	656.49
47	45	4	5	2	-4	525.87
47	39	4	9	-2	0	777.22
47	39	5	-9	-2	-7	821.72
47	53	5	-7	-2	0	757.21
47	42	5	-5	0	6	482.34
47	46	5	-5	0	4	774.66
47	40	5	-3	-3	4	771.42
47	58	5	9	-4	-1	738.83
47	43	6	-10	0	-9	698.54
47	56	6	-6	4	-9	588
47	31	6	-4	4	2	759.9
47	50	6	-3	-1	-6	740.99
47	39	6	4	3	-2	446.39
47	58	6	6	1	8	427.03
47	54	7	-8	-2	7	458.35
47	44	7	-1	3	-10	444.01
47	41	7	2	-1	2	886.37
47	54	7	4	-4	7	480.45
48	37	2	-7	-5	9	329.73
48	52	2	-6	4	5	440.63
48	47	2	-5	1	5	500.06
48	51	2	-1	1	3	723.94
48	31	2	2	-4	2	708.05
48	41	3	-10	-3	6	444.72
48	49	3	-10	1	-10	455.32
48	32	3	-9	2	6	369.36
48	30	3	-4	2	8	181.18
48	52	3	-3	-4	2	790.34
48	36	3	-3	-3	3	725.86
48	41	3	-2	-4	-1	440.55
48	31	3	-1	0	6	317.79
48	53	3	-1	-4	-4	454.36
48	39	3	0	-5	-10	389.87
48	57	3	1	-4	1	721.03
48	31	3	2	-3	-5	473.02
48	39	3	3	4	-9	444.07
48	51	3	3	1	-7	643.18
48	47	3	4	-4	-5	541.54
48	52	3	4	-3	9	343.73
48	55	3	5	-4	1	750.6
48	46	3	6	1	5	522.86
48	30	3	7	0	-7	654.77
48	47	4	-10	-3	-4	506.31
48	53	4	-9	-4	-4	504.97
48	51	4	-8	-3	2	824.26
48	45	4	-7	-4	-3	396.82
48	35	4	-4	2	2	702.94
48	35	4	-4	4	0	465.4
48	56	4	-2	3	-8	567.19
48	54	4	-2	-5	-4	437.21
48	54	4	1	-5	0	602.33
48	49	4	2	0	-3	372.45
48	57	4	5	-3	-1	517.23
48	57	4	7	1	9	343.41
48	40	4	9	2	-8	665.32
48	47	5	-6	-3	-2	405.24
48	45	5	-4	-4	6	390.96
48	38	5	-2	0	-9	499.91
48	41	5	7	4	8	214.38
48	31	5	9	4	0	541.96
48	56	6	-10	1	6	428.21
48	44	6	-3	-3	9	304.75
48	39	6	-3	4	4	537.58
48	45	6	1	-3	0	574.01
48	30	6	1	1	6	308.5
48	37	6	6	3	6	342.5
48	46	6	6	-2	-1	521.68
48	38	6	6	0	-9	553.08
48	52	7	-10	4	4	596.44
48	58	7	-8	-1	-7	708.56
48	48	7	-7	-3	7	310.43
48	38	7	-6	4	1	579.38
48	56	7	-1	4	-5	414.96
48	37	7	5	2	-8	622.86
48	30	7	7	-4	9	341.44
49	31	2	-8	-5	1	555.12
49	45	2	-4	0	1	554.55
49	55	2	-4	2	5	367.54
49	49	2	-2	-5	-2	247.9
49	52	2	1	-5	7	187.16
49	42	2	2	0	-7	505.06
49	46	2	3	2	6	202.69
49	57	2	6	2	9	179.04
49	43	3	-10	2	-6	508.93
49	51	3	-5	3	6	188.77
49	31	3	1	2	-10	189.9
49	42	3	2	-2	-4	289.34
49	45	3	3	-1	-7	533.63
49	37	3	5	-5	8	136.81
49	59	3	7	-4	8	235.28
49	30	4	0	0	-3	178.56
49	57	4	3	-5	-3	281.63
49	42	4	5	1	-4	286.25
49	38	4	5	-3	3	617.79
49	30	4	6	-1	-1	317.57
49	30	4	9	3	-1	318.64
49	31	5	-10	-3	7	180.37
49	48	5	-9	-5	-4	345.98
49	33	5	-8	-1	-8	501.83
49	38	5	-7	-5	9	183.52
49	57	5	-7	3	-8	472.54
49	39	6	-10	-5	-10	316.97
49	47	6	-7	3	3	554.65
49	48	6	-4	-1	-2	245.33
49	36	6	-3	-4	-7	497.44
49	53	6	-3	-4	-6	505.3
49	39	6	-1	2	-1	260.44
49	56	6	3	4	-7	455.61
49	33	7	-7	0	4	497.8
49	56	7	0	4	-1	236.03
49	44	7	4	-1	-2	281.8
50	47	2	-10	-4	0	422.17
50	35	2	-8	3	2	466.41
50	49	2	4	2	-10	111.82
50	38	3	-7	1	5	252.64
50	37	3	-3	-4	7	8.81
50	40	3	0	-1	-8	353.98
50	52	3	4	2	-3	98.69
50	41	3	6	2	9	25
50	39	3	6	-1	-10	154.62
50	52	3	7	3	6	110.95
50	55	4	-9	4	-8	367.84
50	53	4	-2	-5	-10	187.06
50	41	4	-2	-1	-9	258.88
50	51	4	1	2	3	447.3
50	46	4	2	-2	-6	358.8
50	48	5	-4	-4	1	446.47
50	46	5	-2	-4	-7	410.18
50	37	5	0	-1	-5	229.3
50	59	5	1	-3	3	539.36
50	57	5	3	4	2	412.49
50	47	5	7	-5	-2	191.48
50	54	6	-6	1	-3	114.99
50	57	6	-5	1	8	-7.46
50	38	6	-3	2	3	416.97
50	31	6	0	-5	8	-48.54
50	47	6	6	-1	-6	410.09
50	36	6	6	4	-7	350.77
50	47	6	7	-1	-10	205.48
50	58	7	-9	-1	5	320.59
50	32	7	-7	-1	5	232.17
50	53	7	1	1	-2	120.85
50	56	7	7	0	3	570.45
50	36	7	8	-1	2	574.88
50	58	7	9	-3	6	295.77
51	39	2	-10	-5	-7	374.73
51	48	2	5	3	-8	222.23
51	31	2	8	-4	1	340.51
51	52	3	-9	4	0	173.63
51	55	3	-9	-3	4	397.06
51	51	3	-8	-3	0	291.15
51	59	3	-3	-5	2	439.04
51	41	3	-3	1	1	296.06
51	51	3	1	-2	6	24.28
51	36	3	5	-5	-8	265.29
51	53	3	6	4	6	-44.1
51	34	3	9	-1	-7	346
51	45	4	-10	0	-4	128.88
51	46	4	-8	-2	-4	113.25
51	57	4	-2	-4	-2	51.66
51	51	4	9	1	-6	313.06
51	46	5	-7	3	-10	-9.42
51	38	5	-6	2	4	240.24
51	48	5	-6	-4	-1	125.1
51	53	5	-2	1	-6	228.91
51	45	5	2	2	4	245.55
51	47	5	4	1	-2	5.42
51	41	5	7	0	-9	205
51	31	5	8	1	4	312.67
51	53	5	9	-3	8	17.58
51	49	6	-4	-3	-2	28.38
51	32	6	0	1	-1	33.41
51	32	6	2	4	-7	180.3
51	58	6	4	0	5	191.77
51	44	6	5	-5	-8	323.78
51	50	6	7	-3	-6	338.63
51	55	7	-5	3	4	224.07
51	40	7	-3	-4	-7	278.86
51	40	7	-3	3	-3	-95.81
51	58	7	1	-2	-8	319.64
51	49	7	2	0	-9	172.93
51	56	7	5	-4	7	13.76
51	57	7	7	0	1	420.83
51	32	7	7	1	-9	183.32
52	45	2	-7	0	-1	33.6
52	49	2	-4	0	-3	-78.93
52	49	2	-4	3	5	10.8
52	51	2	4	-1	-2	-48.05
52	36	3	-10	4	9	-170.5
52	49	3	-3	-3	5	99.5
52	30	3	2	-1	6	-107.01
52	56	3	4	-4	-6	226.96
52	42	3	6	-2	4	239.72
52	52	3	6	4	3	239.36
52	52	3	6	1	3	325.91
52	51	3	7	2	9	-135.42
52	31	3	7	-2	-8	184.58
52	55	3	9	-1	3	404.7
52	46	4	-10	1	-9	142.42
52	51	4	-10	4	-8	176.81
52	43	4	-9	-2	-8	244.26
52	30	4	-8	-3	-4	-24.19
52	57	4	-6	-3	7	-95.19
52	38	4	-1	-5	-1	-31.7
52	50	4	2	-1	0	153.11
52	56	4	3	1	6	-77.93
52	49	4	8	4	9	-154.08
52	52	5	-3	0	-4	-24.4
52	42	5	-3	4	-1	-105.55
52	37	5	-1	-4	-6	130.94
52	50	5	0	0	-6	150.94
52	41	5	0	-2	-3	-89.07
52	56	5	2	-4	5	116.23
52	52	5	5	2	-2	-67.92
52	37	5	6	3	-3	-133.52
52	40	6	-10	2	-9	77.3
52	50	6	1	2	2	274.85
52	31	6	2	0	-5	28.14
52	53	6	2	-1	-8	212.33
52	55	6	2	2	1	223.46
52	47	6	7	3	-7	210.9
52	46	7	-9	2	-5	52.91
52	58	7	-9	-3	4	286.76
52	35	7	-5	1	-5	11.74
52	48	7	-5	-3	-1	16.19
52	41	7	-3	4	0	12.66
52	58	7	1	-2	0	178.07
52	58	7	1	-2	-4	20.98
53	57	2	-10	-5	8	-99.07
53	53	2	-6	4	6	-185.22
53	49	2	-4	1	-7	143.16
53	54	2	-2	3	-7	98.31
53	43	3	-10	-4	-5	103.13
53	52	3	-10	-2	4	263.05
53	39	3	-5	3	5	-53.09
53	50	3	-4	-4	8	-213.26
53	37	3	-1	2	1	118.71
53	40	3	1	4	2	141.55
53	31	3	5	3	1	120.28
53	36	3	6	1	-9	19.55
53	32	3	9	-3	-3	-94.58
53	49	4	-4	-2	5	35.6
53	43	4	-2	-1	1	179.86
53	35	4	2	-4	-8	115.44
53	51	4	2	-3	5	45.99
53	31	4	4	-1	3	222.41
53	37	4	9	-5	1	243.66
53	30	5	-8	-2	2	261.17
53	31	5	-5	-1	5	-22.93
53	44	5	-1	0	-10	-134.21
53	51	5	6	-1	7	-170.29
53	57	5	9	1	-3	-31.76
53	40	6	-9	-4	-3	-109.31
53	34	6	2	-1	-8	98.17
53	31	6	5	1	-4	-102.88
53	41	6	7	2	-4	-75.06
53	50	7	-9	1	-4	-68.25
53	46	7	-8	0	5	19.48
53	53	7	-8	-4	-7	223.9
53	52	7	-7	-4	-4	-46
53	58	7	-2	-3	-4	-43.64
53	44	7	-1	4	9	-303.02
53	59	7	-1	3	-4	-144.47
53	39	7	3	-1	-7	148.29
53	57	7	6	4	-3	-160.84
53	46	7	6	1	-4	-59.61
53	52	7	8	-3	-4	50.23
54	53	2	-4	-3	-6	133.46
54	33	2	-1	-5	-2	-201.11
54	41	3	-10	-4	8	-188.39
54	49	3	-10	4	0	44.74
54	38	3	-9	-2	-7	181.55
54	59	3	-7	-5	-10	-12.33
54	58	3	2	-5	2	291.18
54	40	3	3	1	-10	-166.2
54	45	3	8	-4	9	-139.37
54	45	4	-4	-2	-2	-138.6
54	54	4	-3	2	7	-279.39
54	58	4	-2	-4	7	-178.98
54	45	4	0	2	-10	-179.22
54	30	4	1	1	-5	-76.78
54	53	4	6	3	1	144.52
54	31	4	7	0	-4	-97.44
54	43	4	8	3	1	165.88
54	57	4	9	-2	-4	32.84
54	47	5	-10	2	-8	137.25
54	47	5	-4	0	-4	-104.63
54	33	6	-10	-5	9	-196.99
54	51	6	-8	2	-4	-105.38
54	40	6	2	0	-4	-116.42
54	42	6	3	1	1	146.07
54	31	6	3	2	-6	23.31
54	32	6	4	-1	-8	90.22
54	52	7	-10	-2	-2	-65.24
54	59	7	-8	1	7	-221.54
54	38	7	-5	-5	0	10.92
54	38	7	-3	-3	-3	-184.56
54	35	7	-2	-3	3	174.49
54	38	7	-1	-3	-7	104.9
54	44	7	0	-4	-1	-70.79
54	45	7	4	4	6	-208.71
55	59	2	3	-3	-10	-33
55	47	2	4	1	-2	-139.74
55	59	2	9	-2	8	-124.71
55	48	3	-10	-5	-9	142.75
55	48	3	-9	3	-1	-52.32
55	46	3	-9	-5	8	-163.65
55	56	3	-9	-2	-9	141.13
55	39	3	-7	-4	-3	-124.12
55	47	3	-5	4	1	101.56
55	44	3	3	-5	9	-186.38
55	32	3	4	-3	-5	-20.78
55	32	3	6	-3	7	-237.72
55	53	3	8	4	-3	-176.07
55	48	4	-10	-2	-1	51.79
55	46	4	-10	-4	-3	-65.25
55	36	4	-5	-4	2	233.17
55	50	4	4	-5	3	278.47
55	56	4	7	2	-7	186.14
55	58	4	9	3	5	45.74
55	33	5	-9	-5	4	148.48
55	39	5	-9	-4	-3	-104.64
55	38	5	-8	-3	-3	-119.63
55	54	5	-8	-2	-6	178.4
55	57	5	-4	-3	7	-170.19
55	44	5	-3	-4	-7	165.3
55	45	5	1	-1	-3	-135.97
55	33	5	6	-3	5	17.69
55	33	5	6	0	-1	-46.77
55	54	5	7	-2	7	-136.41
55	36	5	8	-2	0	130.98
55	40	6	-10	1	-10	-95.92
55	45	6	-8	4	-5	-65.02
55	41	6	-4	-2	1	174.28
55	30	6	-2	3	-5	-102.93
55	33	6	3	1	3	201.22
55	50	6	3	0	4	167.18
55	41	6	6	0	-9	57.79
55	42	7	-10	4	-3	-210.39
55	33	7	-6	2	5	-65.2
55	48	7	0	-1	3	235.25
55	39	7	2	-2	8	-262.09
55	31	7	2	4	7	-335.55
55	33	7	8	-1	6	-72.02
56	46	2	-7	-1	-10	-9.38
56	49	2	-6	3	-10	-87.36
56	31	2	-3	-1	-5	15.16
56	45	2	1	1	3	266.36
56	59	3	-9	0	-3	11.85
56	34	3	5	1	-4	-71.71
56	48	3	7	-3	8	-126.09
56	42	3	8	-2	-8	239.58
56	32	4	-4	2	2	230.37
56	47	4	-1	1	3	263.23
56	35	4	7	2	0	106.71
56	35	4	7	-4	6	-58.13
56	57	5	-10	-2	3	402.3
56	56	5	-10	0	-7	287.71
56	49	5	-8	4	-4	-106.6
56	44	5	-6	4	-2	-174.99
56	58	5	-6	1	6	-61.93
56	49	5	-5	-5	-4	-10.37
56	48	5	0	-5	-3	-82.8
56	43	5	5	1	7	-179.4
56	36	5	8	-5	9	-94.16
56	33	6	-7	-1	3	267.97
56	53	6	-5	3	-2	-137.87
56	35	6	-4	-2	-8	144.8
56	39	6	0	1	1	192.4
56	46	6	1	3	2	232.97
56	56	6	2	-2	-7	260.98
56	47	6	7	0	-8	235.37
56	59	7	-5	-5	3	339.81
56	30	7	1	-2	-10	-99.11
56	43	7	4	-4	-9	120.97
56	38	7	5	4	4	133.64
56	35	7	5	3	-10	-100.35
56	45	7	7	-1	-8	247.03
56	49	7	8	0	-3	11.39
56	57	7	9	-3	-3	84.67
56	32	7	9	2	-5	110.1
57	48	2	-10	1	1	398.2
57	51	2	-10	-4	7	29.12
57	37	2	-4	1	-3	-55.15
57	34	2	1	-5	7	-133.11
57	36	2	3	1	1	267.55
57	34	2	3	1	2	329.93
57	34	2	3	4	-2	-115.93
57	41	2	4	2	6	-44.31
57	42	2	5	-1	-3	-3.11
57	59	2	6	3	-4	29.96
57	37	2	9	-5	-5	187.1
57	51	3	-4	-3	2	413.2
57	31	3	-4	1	7	-161.22
57	33	3	2	0	5	84.61
57	47	3	2	-1	-3	-1.23
57	56	3	5	-1	2	439.7
57	49	3	8	-4	5	240.34
57	33	3	8	4	0	140.33
57	48	4	-9	-1	2	449.89
57	47	4	-9	3	-3	-20.82
57	39	4	-8	-2	-8	289.21
57	58	4	-8	0	-6	309.21
57	52	4	-6	2	0	197.36
57	47	4	-1	0	7	-112.37
57	55	4	0	-3	-9	211.57
57	53	4	1	-2	9	-49.07
57	35	4	1	2	-10	-51.91
57	49	4	5	1	-10	32.54
57	53	4	8	4	4	261.04
57	42	4	8	-5	2	448.75
57	40	5	-7	-1	-6	237.55
57	53	5	-7	3	-2	-28.04
57	42	5	-6	2	-4	3.58
57	58	5	-4	3	5	91.81
57	37	5	4	0	-4	29.59
57	35	5	8	-1	7	-52.08
57	37	6	-10	1	0	218.09
57	56	6	-10	-5	-9	301.24
57	52	6	-6	-3	3	416.43
57	45	6	-5	-3	-5	146.01
57	51	6	-5	-4	-4	73.4
57	59	6	-2	1	-4	46.02
57	45	6	2	0	-2	4.83
57	42	6	3	0	-4	41.51
57	52	6	3	3	5	99.88
57	49	6	4	0	2	410.12
57	55	6	7	0	-4	119.8
57	42	7	-9	-3	-7	314.76
57	44	7	-9	-4	-5	192.38
57	32	7	-8	-3	6	-25.33
57	44	7	-8	1	1	311.38
57	47	7	-7	2	1	294.34
57	45	7	-6	3	9	-136.34
57	32	7	-5	3	-3	-113.45
57	39	7	8	1	-9	204.47
57	33	7	8	2	-6	256.64
57	33	7	9	0	7	-31.35
58	58	2	-9	1	-8	439.75
58	58	2	-3	-5	-10	219.79
58	44	2	4	-5	-4	159.72
58	36	3	-9	0	1	446.54
58	44	3	-3	-1	1	426.26
58	40	3	1	0	5	210.11
58	38	4	-9	1	6	116.09
58	40	4	-9	-4	1	466.71
58	46	4	-2	-2	6	116.8
58	30	4	2	4	1	290.03
58	36	4	5	0	8	-30.09
58	41	5	-7	2	-9	241.63
58	55	5	1	-4	-6	394.12
58	39	5	3	3	9	-34.06
58	43	5	6	-1	-6	375.93
58	53	6	-1	-3	-3	133.2
58	30	6	-1	3	6	-8.57
58	35	6	1	1	-2	59.06
58	30	6	1	3	-6	239.28
58	54	6	5	-3	-8	451.85
58	57	7	-9	3	6	101.84
58	59	7	-8	0	4	424.81
58	33	7	-7	-2	4	355.79
58	56	7	-1	0	-9	275.9
58	44	7	5	2	7	-0.41
58	38	7	8	0	4	448.06
58	57	7	9	-2	-1	356.52
59	40	2	-9	4	-8	460.97
59	49	2	-6	0	5	401.68
59	55	2	-5	3	5	342.32
59	44	2	-5	-1	-10	255.86
59	31	2	-4	-1	-7	466.67
59	53	2	1	0	-6	476.28
59	45	2	2	-2	6	230.8
59	37	2	9	-5	2	652.16
59	51	3	-7	-3	-5	441.01
59	55	3	-6	-1	-1	382.02
59	47	3	-1	-1	1	559.93
59	38	3	1	-5	9	151.66
59	59	3	8	4	-10	261.12
59	38	4	-10	3	-8	480.63
59	46	4	-7	-3	1	595.66
59	39	4	-5	0	1	530.84
59	50	4	-1	3	7	72.55
59	37	4	9	3	-10	250.1
59	36	4	9	0	-6	519.94
59	57	5	-10	3	-10	280.81
59	46	5	-6	1	3	596.21
59	47	5	-4	-1	-2	249.66
59	47	5	-2	-5	-3	218.85
59	47	5	4	4	7	59.53
59	42	5	5	-1	-1	329.77
59	37	6	-10	-3	6	258.68
59	52	6	-10	-1	-4	352.32
59	40	6	-7	3	-4	209.74
59	50	6	-4	-3	0	449.53
59	55	6	-2	-5	-10	311.56
59	37	6	-1	4	-4	152.38
59	40	6	2	2	0	383.83
59	34	6	3	4	-9	301.08
59	51	6	3	-3	-1	365.68
59	54	6	4	3	-7	482.03
59	58	6	8	2	-6	538.05
59	50	7	-7	3	-10	201.09
59	42	7	-7	2	-7	463.46
59	56	7	-6	2	8	82.83
59	40	7	-6	2	0	381.53
59	57	7	-4	0	7	150.55
59	32	7	-2	-3	1	506.64
59	40	7	3	-2	-5	383.56
59	34	7	5	-2	4	520.09
59	32	7	6	-3	-10	275.48
59	42	7	9	0	2	714.25
